v1<-c(1,2,3,4,5)
v2<-c(11,21,31,41,51)
v3<-v1+v2
v3

